qdc_ch ch  pedestal base_line  from RUN 0257 これだけはシンチレータのチャンネルに対応するものをかく！
0      0   0.0      0.00
1      1   0.0    0.22
2      1   0.0    0.24
3      2   79.63    0.24
4      2   78.84    0.24
5      3   0.0      0.24
6      3   0.0      1.24
7      4   0.0      0.00
8      4   0.0      0.00
9      5   0.0      0.00
10     5   0.0      0.00
11     6   0.0      0.00
12     6   0.0      0.00


qdc_ch pedestal from RUN0257
1 95.548135
2 96.713588
3 100.776970
4 108.059229
5 100.682999
#6 73.845393
#7 56.109566
8 106.775973
9 110.360603
10 103.817156
11 92.978790
12 90.168450
13 102.747650
14 78.869620
15 80.000000